1 10 20
100 200 125
201 210 89
900 1000 174
1 1 1
10 1 20
200 100 125
210 201 89
1000 900 174
2 2 2
3 3 8
4 4 3
5 5 6
6 6 9
7 7 17
8 8 4
9 9 20
10 10 7
100 100 26
200 200 27
500 500 111
1000 1000 112
100 300 128
100 500 144
1 300 128
1 500 144
200 500 144
100 1000 179
500 1000 179
300 100 128
500 100 144
300 1 128
500 1 144
500 200 144
1000 100 179
1000 500 179
150 151 16
151 150 16
152 155 86
155 152 86
155 160 86
160 155 86
160 175 125
175 160 125
175 200 120
200 175 120
200 250 128
250 200 128
250 300 123
300 250 123
1000 1500 182
1500 1000 182
1000 1200 182
1200 1000 182
1200 1250 177
1250 1200 177
1250 1500 177
1500 1250 177
10000 15000 276
15000 10000 276
10000 20000 279
20000 10000 279
1 30000 308
30000 1 308
50 40000 324
40000 50 324
200 20000 279
20000 200 279
10987 1098 268
1098 10987 268
234 456 144
456 234 144
3456 45678 324
45678 3456 324
1 88 116
88 1 116
6258 8116 257
11054 12708 263
11931 8029 268
16427 9126 276
3770 18974 279
9181 10670 260
7871 5637 262
11265 1859 268
2255 10649 262
8211 7176 252
18658 17386 279
10248 10592 255
8673 9859 260
12392 19949 279
15684 12894 276
19227 4593 279
15832 10342 276
16280 16218 191
8995 4570 262
12838 15488 276
5284 12968 268
17613 2662 276
13656 18324 279
7774 19585 279
19627 17600 279
15008 2404 276
19224 17452 279
17947 7853 279
5921 8339 262
5932 5109 236
8948 18744 279
9255 3235 262
18433 14981 279
13140 19734 279
231 10333 262
9335 18697 279
605 873 179
15750 6246 276
13465 8635 276
4884 16914 276
6089 16722 276
6024 13170 268
8180 17321 276
19568 16144 279
3615 11253 268
9312 7551 260
6651 8460 257
16938 13870 271
14653 15972 271
9757 7503 260
14686 4903 276
9400 464 262
11162 4373 268
8189 5116 262
8821 10263 260
19439 13690 279
5439 6236 262
4662 12916 268
23 7830 262
13 13595 276
19814 9233 279
8750 18813 279
12353 10065 268
9382 4028 262
16676 17576 266
14991 12238 276
459 9994 262
3757 3608 238
757 14330 276
10629 15996 276
2520 2810 191
2075 10285 262
17439 19553 279
4165 19241 279
6136 4441 236
